-2.400000000000000000e+01 -1.382583808898925781e+01
-2.398999977111816406e+01 -1.372106933593750000e+01
-2.397999954223632812e+01 -1.360351276397705078e+01
-2.396999931335449219e+01 -1.347371101379394531e+01
-2.395999908447265625e+01 -1.333526897430419922e+01
-2.395000076293945312e+01 -1.319283294677734375e+01
-2.394000053405761719e+01 -1.305051231384277344e+01
-2.393000030517578125e+01 -1.291124534606933594e+01
-2.392000007629394531e+01 -1.277682209014892578e+01
-2.390999984741210938e+01 -1.264815902709960938e+01
-2.389999961853027344e+01 -1.252559089660644531e+01
-2.388999938964843750e+01 -1.240910053253173828e+01
-2.387999916076660156e+01 -1.229847049713134766e+01
-2.387000083923339844e+01 -1.219338512420654297e+01
-2.386000061035156250e+01 -1.209348297119140625e+01
-2.385000038146972656e+01 -1.199839878082275391e+01
-2.384000015258789062e+01 -1.190777397155761719e+01
-2.382999992370605469e+01 -1.182125759124755859e+01
-2.381999969482421875e+01 -1.173812675476074219e+01
-2.380999946594238281e+01 -1.165699291229248047e+01
-2.379999923706054688e+01 -1.157636070251464844e+01
-2.379000091552734375e+01 -1.149502468109130859e+01
-2.378000068664550781e+01 -1.141222953796386719e+01
-2.377000045776367188e+01 -1.132769298553466797e+01
-2.376000022888183594e+01 -1.124152946472167969e+01
-2.375000000000000000e+01 -1.115414237976074219e+01
-2.373999977111816406e+01 -1.106609058380126953e+01
-2.372999954223632812e+01 -1.097798156738281250e+01
-2.371999931335449219e+01 -1.089039325714111328e+01
-2.370999908447265625e+01 -1.080382728576660156e+01
-2.370000076293945312e+01 -1.071868896484375000e+01
-2.369000053405761719e+01 -1.063528728485107422e+01
-2.368000030517578125e+01 -1.055384063720703125e+01
-2.367000007629394531e+01 -1.047449016571044922e+01
-2.365999984741210938e+01 -1.039731788635253906e+01
-2.364999961853027344e+01 -1.032235622406005859e+01
-2.363999938964843750e+01 -1.024960041046142578e+01
-2.362999916076660156e+01 -1.017895984649658203e+01
-2.362000083923339844e+01 -1.011013889312744141e+01
-2.361000061035156250e+01 -1.004273319244384766e+01
-2.360000038146972656e+01 -9.976343154907226562e+00
-2.359000015258789062e+01 -9.910633087158203125e+00
-2.357999992370605469e+01 -9.845351219177246094e+00
-2.356999969482421875e+01 -9.780338287353515625e+00
-2.355999946594238281e+01 -9.715514183044433594e+00
-2.354999923706054688e+01 -9.650867462158203125e+00
-2.354000091552734375e+01 -9.586441993713378906e+00
-2.353000068664550781e+01 -9.522314071655273438e+00
-2.352000045776367188e+01 -9.458582878112792969e+00
-2.351000022888183594e+01 -9.395358085632324219e+00
-2.350000000000000000e+01 -9.332747459411621094e+00
-2.348999977111816406e+01 -9.270854949951171875e+00
-2.347999954223632812e+01 -9.209772109985351562e+00
-2.346999931335449219e+01 -9.149580001831054688e+00
-2.345999908447265625e+01 -9.090343475341796875e+00
-2.345000076293945312e+01 -9.032115936279296875e+00
-2.344000053405761719e+01 -8.974927902221679688e+00
-2.343000030517578125e+01 -8.918749809265136719e+00
-2.342000007629394531e+01 -8.863493919372558594e+00
-2.340999984741210938e+01 -8.809050559997558594e+00
-2.339999961853027344e+01 -8.755307197570800781e+00
-2.338999938964843750e+01 -8.702165603637695312e+00
-2.337999916076660156e+01 -8.649544715881347656e+00
-2.337000083923339844e+01 -8.597384452819824219e+00
-2.336000061035156250e+01 -8.545643806457519531e+00
-2.335000038146972656e+01 -8.494299888610839844e+00
-2.334000015258789062e+01 -8.443346023559570312e+00
-2.332999992370605469e+01 -8.392786026000976562e+00
-2.331999969482421875e+01 -8.342635154724121094e+00
-2.330999946594238281e+01 -8.292913436889648438e+00
-2.329999923706054688e+01 -8.243646621704101562e+00
-2.329000091552734375e+01 -8.194860458374023438e+00
-2.328000068664550781e+01 -8.146583557128906250e+00
-2.327000045776367188e+01 -8.098843574523925781e+00
-2.326000022888183594e+01 -8.051667213439941406e+00
-2.325000000000000000e+01 -8.005075454711914062e+00
-2.323999977111816406e+01 -7.960004806518554688e+00
-2.322999954223632812e+01 -7.914496421813964844e+00
-2.321999931335449219e+01 -7.869432926177978516e+00
-2.320999908447265625e+01 -7.824805259704589844e+00
-2.320000076293945312e+01 -7.780606746673583984e+00
-2.319000053405761719e+01 -7.736834526062011719e+00
-2.318000030517578125e+01 -7.693488121032714844e+00
-2.317000007629394531e+01 -7.650566101074218750e+00
-2.315999984741210938e+01 -7.608062744140625000e+00
-2.314999961853027344e+01 -7.565967559814453125e+00
-2.313999938964843750e+01 -7.524714469909667969e+00
-2.312999916076660156e+01 -7.482961654663085938e+00
-2.312000083923339844e+01 -7.442032337188720703e+00
-2.311000061035156250e+01 -7.401476860046386719e+00
-2.310000038146972656e+01 -7.361290454864501953e+00
-2.309000015258789062e+01 -7.321471691131591797e+00
-2.307999992370605469e+01 -7.282020092010498047e+00
-2.306999969482421875e+01 -7.242932319641113281e+00
-2.305999946594238281e+01 -7.204202651977539062e+00
-2.304999923706054688e+01 -7.165822505950927734e+00
-2.304000091552734375e+01 -7.127784252166748047e+00
-2.303000068664550781e+01 -7.090080738067626953e+00
-2.302000045776367188e+01 -7.052706241607666016e+00
-2.301000022888183594e+01 -7.015655517578125000e+00
-2.300000000000000000e+01 -6.978925228118896484e+00
-2.298999977111816406e+01 -6.942513942718505859e+00
-2.297999954223632812e+01 -6.906420707702636719e+00
-2.296999931335449219e+01 -6.870738506317138672e+00
-2.295999908447265625e+01 -6.835172653198242188e+00
-2.295000076293945312e+01 -6.800006389617919922e+00
-2.294000053405761719e+01 -6.765137672424316406e+00
-2.293000030517578125e+01 -6.730560302734375000e+00
-2.292000007629394531e+01 -6.696270465850830078e+00
-2.290999984741210938e+01 -6.662263870239257812e+00
-2.289999961853027344e+01 -6.628538131713867188e+00
-2.288999938964843750e+01 -6.595090866088867188e+00
-2.287999916076660156e+01 -6.561920642852783203e+00
-2.287000083923339844e+01 -6.529024124145507812e+00
-2.286000061035156250e+01 -6.496397495269775391e+00
-2.285000038146972656e+01 -6.464035987854003906e+00
-2.284000015258789062e+01 -6.431934833526611328e+00
-2.282999992370605469e+01 -6.400090694427490234e+00
-2.281999969482421875e+01 -6.368498802185058594e+00
-2.280999946594238281e+01 -6.337145328521728516e+00
-2.279999923706054688e+01 -6.306059360504150391e+00
-2.279000091552734375e+01 -6.275207519531250000e+00
-2.278000068664550781e+01 -6.244599342346191406e+00
-2.277000045776367188e+01 -6.214231014251708984e+00
-2.276000022888183594e+01 -6.184100151062011719e+00
-2.275000000000000000e+01 -6.154201984405517578e+00
-2.273999977111816406e+01 -6.124533176422119141e+00
-2.272999954223632812e+01 -6.095090389251708984e+00
-2.271999931335449219e+01 -6.065869808197021484e+00
-2.270999908447265625e+01 -6.036869049072265625e+00
-2.270000076293945312e+01 -6.008086204528808594e+00
-2.269000053405761719e+01 -5.979520320892333984e+00
-2.268000030517578125e+01 -5.951168537139892578e+00
-2.267000007629394531e+01 -5.923027992248535156e+00
-2.265999984741210938e+01 -5.895096302032470703e+00
-2.264999961853027344e+01 -5.867370128631591797e+00
-2.263999938964843750e+01 -5.839845657348632812e+00
-2.262999916076660156e+01 -5.812520980834960938e+00
-2.262000083923339844e+01 -5.785392284393310547e+00
-2.261000061035156250e+01 -5.758459091186523438e+00
-2.260000038146972656e+01 -5.731682300567626953e+00
-2.259000015258789062e+01 -5.705170631408691406e+00
-2.257999992370605469e+01 -5.678811073303222656e+00
-2.256999969482421875e+01 -5.652637481689453125e+00
-2.255999946594238281e+01 -5.626647949218750000e+00
-2.254999923706054688e+01 -5.600839614868164062e+00
-2.254000091552734375e+01 -5.575210094451904297e+00
-2.253000068664550781e+01 -5.549757003784179688e+00
-2.252000045776367188e+01 -5.524478435516357422e+00
-2.251000022888183594e+01 -5.499372482299804688e+00
-2.250000000000000000e+01 -5.474436759948730469e+00
-2.248999977111816406e+01 -5.449669837951660156e+00
-2.247999954223632812e+01 -5.425069332122802734e+00
-2.246999931335449219e+01 -5.400633335113525391e+00
-2.245999908447265625e+01 -5.376359939575195312e+00
-2.245000076293945312e+01 -5.352247238159179688e+00
-2.244000053405761719e+01 -5.328292846679687500e+00
-2.243000030517578125e+01 -5.304493904113769531e+00
-2.242000007629394531e+01 -5.280834197998046875e+00
-2.240999984741210938e+01 -5.257356643676757812e+00
-2.239999961853027344e+01 -5.234014511108398438e+00
-2.238999938964843750e+01 -5.210821151733398438e+00
-2.237999916076660156e+01 -5.187775135040283203e+00
-2.237000083923339844e+01 -5.164874553680419922e+00
-2.236000061035156250e+01 -5.142117023468017578e+00
-2.235000038146972656e+01 -5.119501590728759766e+00
-2.234000015258789062e+01 -5.097025871276855469e+00
-2.232999992370605469e+01 -5.074686527252197266e+00
-2.231999969482421875e+01 -5.052484035491943359e+00
-2.230999946594238281e+01 -5.030416965484619141e+00
-2.229999923706054688e+01 -5.008482456207275391e+00
-2.229000091552734375e+01 -4.986679553985595703e+00
-2.228000068664550781e+01 -4.965005874633789062e+00
-2.227000045776367188e+01 -4.943460464477539062e+00
-2.226000022888183594e+01 -4.922042369842529297e+00
-2.225000000000000000e+01 -4.900749206542968750e+00
-2.223999977111816406e+01 -4.879576206207275391e+00
-2.222999954223632812e+01 -4.858530521392822266e+00
-2.221999931335449219e+01 -4.837603092193603516e+00
-2.220999908447265625e+01 -4.816794395446777344e+00
-2.220000076293945312e+01 -4.796103954315185547e+00
-2.219000053405761719e+01 -4.775529384613037109e+00
-2.218000030517578125e+01 -4.755070209503173828e+00
-2.217000007629394531e+01 -4.734724521636962891e+00
-2.215999984741210938e+01 -4.714490890502929688e+00
-2.214999961853027344e+01 -4.694368839263916016e+00
-2.213999938964843750e+01 -4.674355506896972656e+00
-2.212999916076660156e+01 -4.654450893402099609e+00
-2.212000083923339844e+01 -4.634653568267822266e+00
-2.211000061035156250e+01 -4.614962577819824219e+00
-2.210000038146972656e+01 -4.595376491546630859e+00
-2.209000015258789062e+01 -4.575893878936767578e+00
-2.207999992370605469e+01 -4.556513786315917969e+00
-2.206999969482421875e+01 -4.537235260009765625e+00
-2.205999946594238281e+01 -4.518063068389892578e+00
-2.204999923706054688e+01 -4.498979568481445312e+00
-2.204000091552734375e+01 -4.479999065399169922e+00
-2.203000068664550781e+01 -4.461115837097167969e+00
-2.202000045776367188e+01 -4.442329406738281250e+00
-2.201000022888183594e+01 -4.423638820648193359e+00
-2.200000000000000000e+01 -4.405042171478271484e+00
-2.198999977111816406e+01 -4.386539459228515625e+00
-2.197999954223632812e+01 -4.368130207061767578e+00
-2.196999931335449219e+01 -4.349812507629394531e+00
-2.195999908447265625e+01 -4.331585884094238281e+00
-2.195000076293945312e+01 -4.313449859619140625e+00
-2.194000053405761719e+01 -4.295402526855468750e+00
-2.193000030517578125e+01 -4.277444839477539062e+00
-2.192000007629394531e+01 -4.259575366973876953e+00
-2.190999984741210938e+01 -4.241793155670166016e+00
-2.189999961853027344e+01 -4.224102973937988281e+00
-2.188999938964843750e+01 -4.206491947174072266e+00
-2.187999916076660156e+01 -4.188964366912841797e+00
-2.187000083923339844e+01 -4.171525955200195312e+00
-2.186000061035156250e+01 -4.154170989990234375e+00
-2.185000038146972656e+01 -4.136899948120117188e+00
-2.184000015258789062e+01 -4.119711875915527344e+00
-2.182999992370605469e+01 -4.102606773376464844e+00
-2.181999969482421875e+01 -4.085583209991455078e+00
-2.180999946594238281e+01 -4.068641662597656250e+00
-2.179999923706054688e+01 -4.051781177520751953e+00
-2.179000091552734375e+01 -4.035001277923583984e+00
-2.178000068664550781e+01 -4.018301486968994141e+00
-2.177000045776367188e+01 -4.001682281494140625e+00
-2.176000022888183594e+01 -3.985141754150390625e+00
-2.175000000000000000e+01 -3.968680143356323242e+00
-2.173999977111816406e+01 -3.952297210693359375e+00
-2.172999954223632812e+01 -3.935992002487182617e+00
-2.171999931335449219e+01 -3.919765233993530273e+00
-2.170999908447265625e+01 -3.903615951538085938e+00
-2.170000076293945312e+01 -3.887543678283691406e+00
-2.169000053405761719e+01 -3.871548414230346680e+00
-2.168000030517578125e+01 -3.855629682540893555e+00
-2.167000007629394531e+01 -3.839787244796752930e+00
-2.165999984741210938e+01 -3.824020862579345703e+00
-2.164999961853027344e+01 -3.808330297470092773e+00
-2.163999938964843750e+01 -3.792714834213256836e+00
-2.162999916076660156e+01 -3.777174472808837891e+00
-2.162000083923339844e+01 -3.761709213256835938e+00
-2.161000061035156250e+01 -3.746319055557250977e+00
-2.160000038146972656e+01 -3.731002330780029297e+00
-2.159000015258789062e+01 -3.715760469436645508e+00
-2.157999992370605469e+01 -3.700592756271362305e+00
-2.156999969482421875e+01 -3.685498714447021484e+00
-2.155999946594238281e+01 -3.670478105545043945e+00
-2.154999923706054688e+01 -3.655530691146850586e+00
-2.154000091552734375e+01 -3.640656709671020508e+00
-2.153000068664550781e+01 -3.625855922698974609e+00
-2.152000045776367188e+01 -3.611127614974975586e+00
-2.151000022888183594e+01 -3.596472263336181641e+00
-2.150000000000000000e+01 -3.581889152526855469e+00
-2.148999977111816406e+01 -3.567378282546997070e+00
-2.147999954223632812e+01 -3.552940130233764648e+00
-2.146999931335449219e+01 -3.538573503494262695e+00
-2.145999908447265625e+01 -3.524278640747070312e+00
-2.145000076293945312e+01 -3.510056018829345703e+00
-2.144000053405761719e+01 -3.495904684066772461e+00
-2.143000030517578125e+01 -3.481825351715087891e+00
-2.142000007629394531e+01 -3.467816114425659180e+00
-2.140999984741210938e+01 -3.453878641128540039e+00
-2.139999961853027344e+01 -3.440011739730834961e+00
-2.138999938964843750e+01 -3.426216363906860352e+00
-2.137999916076660156e+01 -3.412491798400878906e+00
-2.137000083923339844e+01 -3.398838043212890625e+00
-2.136000061035156250e+01 -3.385255098342895508e+00
-2.135000038146972656e+01 -3.371754407882690430e+00
-2.134000015258789062e+01 -3.358300924301147461e+00
-2.132999992370605469e+01 -3.344928503036499023e+00
-2.131999969482421875e+01 -3.331627130508422852e+00
-2.130999946594238281e+01 -3.318395853042602539e+00
-2.129999923706054688e+01 -3.305234670639038086e+00
-2.129000091552734375e+01 -3.292143821716308594e+00
-2.128000068664550781e+01 -3.279123067855834961e+00
-2.127000045776367188e+01 -3.266172647476196289e+00
-2.126000022888183594e+01 -3.253292083740234375e+00
-2.125000000000000000e+01 -3.240481138229370117e+00
-2.123999977111816406e+01 -3.227740287780761719e+00
-2.122999954223632812e+01 -3.215069293975830078e+00
-2.121999931335449219e+01 -3.202468395233154297e+00
-2.120999908447265625e+01 -3.189937114715576172e+00
-2.120000076293945312e+01 -3.177475690841674805e+00
-2.119000053405761719e+01 -3.165084600448608398e+00
-2.118000030517578125e+01 -3.152763843536376953e+00
-2.117000007629394531e+01 -3.140511035919189453e+00
-2.115999984741210938e+01 -3.128329277038574219e+00
-2.114999961853027344e+01 -3.116217374801635742e+00
-2.113999938964843750e+01 -3.104175567626953125e+00
-2.112999916076660156e+01 -3.092203140258789062e+00
-2.112000083923339844e+01 -3.080301761627197266e+00
-2.111000061035156250e+01 -3.068469762802124023e+00
-2.110000038146972656e+01 -3.056708097457885742e+00
-2.109000015258789062e+01 -3.045016288757324219e+00
-2.107999992370605469e+01 -3.033394575119018555e+00
-2.106999969482421875e+01 -3.021843433380126953e+00
-2.105999946594238281e+01 -3.010362386703491211e+00
-2.104999923706054688e+01 -2.998951435089111328e+00
-2.104000091552734375e+01 -2.987611293792724609e+00
-2.103000068664550781e+01 -2.976340770721435547e+00
-2.102000045776367188e+01 -2.965141296386718750e+00
-2.101000022888183594e+01 -2.954011678695678711e+00
-2.100000000000000000e+01 -2.942953586578369141e+00
-2.098999977111816406e+01 -2.931965589523315430e+00
-2.097999954223632812e+01 -2.921047925949096680e+00
-2.096999931335449219e+01 -2.910200595855712891e+00
-2.095999908447265625e+01 -2.899424552917480469e+00
-2.095000076293945312e+01 -2.888718605041503906e+00
-2.094000053405761719e+01 -2.878083705902099609e+00
-2.093000030517578125e+01 -2.867519378662109375e+00
-2.092000007629394531e+01 -2.857025623321533203e+00
-2.090999984741210938e+01 -2.846602916717529297e+00
-2.089999961853027344e+01 -2.836250782012939453e+00
-2.088999938964843750e+01 -2.825969219207763672e+00
-2.087999916076660156e+01 -2.815758228302001953e+00
-2.087000083923339844e+01 -2.805618047714233398e+00
-2.086000061035156250e+01 -2.795548200607299805e+00
-2.085000038146972656e+01 -2.785548925399780273e+00
-2.084000015258789062e+01 -2.775620222091674805e+00
-2.082999992370605469e+01 -2.765762090682983398e+00
-2.081999969482421875e+01 -2.755974054336547852e+00
-2.080999946594238281e+01 -2.746256113052368164e+00
-2.079999923706054688e+01 -2.736608266830444336e+00
-2.079000091552734375e+01 -2.727030754089355469e+00
-2.078000068664550781e+01 -2.717522859573364258e+00
-2.077000045776367188e+01 -2.708084821701049805e+00
-2.076000022888183594e+01 -2.698715925216674805e+00
-2.075000000000000000e+01 -2.689417362213134766e+00
-2.073999977111816406e+01 -2.680187463760375977e+00
-2.072999954223632812e+01 -2.671026706695556641e+00
-2.071999931335449219e+01 -2.661934852600097656e+00
-2.070999908447265625e+01 -2.652911424636840820e+00
-2.070000076293945312e+01 -2.643957138061523438e+00
-2.069000053405761719e+01 -2.635070800781250000e+00
-2.068000030517578125e+01 -2.626252174377441406e+00
-2.067000007629394531e+01 -2.617501497268676758e+00
-2.065999984741210938e+01 -2.608817815780639648e+00
-2.064999961853027344e+01 -2.600202322006225586e+00
-2.063999938964843750e+01 -2.591653108596801758e+00
-2.062999916076660156e+01 -2.583170413970947266e+00
-2.062000083923339844e+01 -2.574754476547241211e+00
-2.061000061035156250e+01 -2.566403865814208984e+00
-2.060000038146972656e+01 -2.558119773864746094e+00
-2.059000015258789062e+01 -2.549900531768798828e+00
-2.057999992370605469e+01 -2.541746377944946289e+00
-2.056999969482421875e+01 -2.533656358718872070e+00
-2.055999946594238281e+01 -2.525631427764892578e+00
-2.054999923706054688e+01 -2.517669916152954102e+00
-2.054000091552734375e+01 -2.509772062301635742e+00
-2.053000068664550781e+01 -2.501937150955200195e+00
-2.052000045776367188e+01 -2.494165182113647461e+00
-2.051000022888183594e+01 -2.486455202102661133e+00
-2.050000000000000000e+01 -2.478807449340820312e+00
-2.048999977111816406e+01 -2.471220970153808594e+00
-2.047999954223632812e+01 -2.463695764541625977e+00
-2.046999931335449219e+01 -2.456231117248535156e+00
-2.045999908447265625e+01 -2.448826551437377930e+00
-2.045000076293945312e+01 -2.441481828689575195e+00
-2.044000053405761719e+01 -2.434196472167968750e+00
-2.043000030517578125e+01 -2.426969766616821289e+00
-2.042000007629394531e+01 -2.419801473617553711e+00
-2.040999984741210938e+01 -2.412691116333007812e+00
-2.039999961853027344e+01 -2.405638456344604492e+00
-2.038999938964843750e+01 -2.398643016815185547e+00
-2.037999916076660156e+01 -2.391704082489013672e+00
-2.037000083923339844e+01 -2.384820699691772461e+00
-2.036000061035156250e+01 -2.377993345260620117e+00
-2.035000038146972656e+01 -2.371221065521240234e+00
-2.034000015258789062e+01 -2.364503860473632812e+00
-2.032999992370605469e+01 -2.357840538024902344e+00
-2.031999969482421875e+01 -2.351231336593627930e+00
-2.030999946594238281e+01 -2.344675064086914062e+00
-2.029999923706054688e+01 -2.338171720504760742e+00
-2.029000091552734375e+01 -2.331720829010009766e+00
-2.028000068664550781e+01 -2.325321674346923828e+00
-2.027000045776367188e+01 -2.318974018096923828e+00
-2.026000022888183594e+01 -2.312676191329956055e+00
-2.025000000000000000e+01 -2.306430816650390625e+00
-2.023999977111816406e+01 -2.300234556198120117e+00
-2.022999954223632812e+01 -2.294087648391723633e+00
-2.021999931335449219e+01 -2.287989616394042969e+00
-2.020999908447265625e+01 -2.281940460205078125e+00
-2.020000076293945312e+01 -2.275938987731933594e+00
-2.019000053405761719e+01 -2.269985198974609375e+00
-2.018000030517578125e+01 -2.264078378677368164e+00
-2.017000007629394531e+01 -2.258218765258789062e+00
-2.015999984741210938e+01 -2.252404689788818359e+00
-2.014999961853027344e+01 -2.246636629104614258e+00
-2.013999938964843750e+01 -2.240913629531860352e+00
-2.012999916076660156e+01 -2.235235691070556641e+00
-2.012000083923339844e+01 -2.229601860046386719e+00
-2.011000061035156250e+01 -2.224012136459350586e+00
-2.010000038146972656e+01 -2.218465566635131836e+00
-2.009000015258789062e+01 -2.212962388992309570e+00
-2.007999992370605469e+01 -2.207501411437988281e+00
-2.006999969482421875e+01 -2.202082872390747070e+00
-2.005999946594238281e+01 -2.196706056594848633e+00
-2.004999923706054688e+01 -2.191370725631713867e+00
-2.004000091552734375e+01 -2.186076164245605469e+00
-2.003000068664550781e+01 -2.180821895599365234e+00
-2.002000045776367188e+01 -2.175607919692993164e+00
-2.001000022888183594e+01 -2.170433521270751953e+00
-2.000000000000000000e+01 -2.165298700332641602e+00
-1.998999977111816406e+01 -2.160202264785766602e+00
-1.997999954223632812e+01 -2.155144453048706055e+00
-1.996999931335449219e+01 -2.150124549865722656e+00
-1.995999908447265625e+01 -2.145142316818237305e+00
-1.995000076293945312e+01 -2.140197515487670898e+00
-1.994000053405761719e+01 -2.135289192199707031e+00
-1.993000030517578125e+01 -2.130417108535766602e+00
-1.992000007629394531e+01 -2.125581502914428711e+00
-1.990999984741210938e+01 -2.120780706405639648e+00
-1.989999961853027344e+01 -2.116015195846557617e+00
-1.988999938964843750e+01 -2.111284732818603516e+00
-1.987999916076660156e+01 -2.106588602066040039e+00
-1.987000083923339844e+01 -2.101926326751708984e+00
-1.986000061035156250e+01 -2.097297430038452148e+00
-1.985000038146972656e+01 -2.092702150344848633e+00
-1.984000015258789062e+01 -2.088139533996582031e+00
-1.982999992370605469e+01 -2.083609580993652344e+00
-1.981999969482421875e+01 -2.079111814498901367e+00
-1.980999946594238281e+01 -2.074646234512329102e+00
-1.979999923706054688e+01 -2.070212125778198242e+00
-1.979000091552734375e+01 -2.065809249877929688e+00
-1.978000068664550781e+01 -2.061437368392944336e+00
-1.977000045776367188e+01 -2.057096481323242188e+00
-1.976000022888183594e+01 -2.052785873413085938e+00
-1.975000000000000000e+01 -2.048505783081054688e+00
-1.973999977111816406e+01 -2.044255256652832031e+00
-1.972999954223632812e+01 -2.040034770965576172e+00
-1.971999931335449219e+01 -2.035843610763549805e+00
-1.970999908447265625e+01 -2.031681299209594727e+00
-1.970000076293945312e+01 -2.027548074722290039e+00
-1.969000053405761719e+01 -2.023443222045898438e+00
-1.968000030517578125e+01 -2.019366502761840820e+00
-1.967000007629394531e+01 -2.015317916870117188e+00
-1.965999984741210938e+01 -2.011296510696411133e+00
-1.964999961853027344e+01 -2.007302284240722656e+00
-1.963999938964843750e+01 -2.003334522247314453e+00
-1.962999916076660156e+01 -1.999393343925476074e+00
-1.962000083923339844e+01 -1.995478034019470215e+00
-1.961000061035156250e+01 -1.991587996482849121e+00
-1.960000038146972656e+01 -1.987722992897033691e+00
-1.959000015258789062e+01 -1.983882546424865723e+00
-1.957999992370605469e+01 -1.980066061019897461e+00
-1.956999969482421875e+01 -1.976273179054260254e+00
-1.955999946594238281e+01 -1.972503542900085449e+00
-1.954999923706054688e+01 -1.968756675720214844e+00
-1.954000091552734375e+01 -1.965032100677490234e+00
-1.953000068664550781e+01 -1.961329460144042969e+00
-1.952000045776367188e+01 -1.957648396492004395e+00
-1.951000022888183594e+01 -1.953988432884216309e+00
-1.950000000000000000e+01 -1.950349450111389160e+00
-1.948999977111816406e+01 -1.946730971336364746e+00
-1.947999954223632812e+01 -1.943132996559143066e+00
-1.946999931335449219e+01 -1.939555048942565918e+00
-1.945999908447265625e+01 -1.935997009277343750e+00
-1.945000076293945312e+01 -1.932458758354187012e+00
-1.944000053405761719e+01 -1.928940176963806152e+00
-1.943000030517578125e+01 -1.925441026687622070e+00
-1.942000007629394531e+01 -1.921961069107055664e+00
-1.940999984741210938e+01 -1.918500542640686035e+00
-1.939999961853027344e+01 -1.915059089660644531e+00
-1.938999938964843750e+01 -1.911636710166931152e+00
-1.937999916076660156e+01 -1.908233404159545898e+00
-1.937000083923339844e+01 -1.904849052429199219e+00
-1.936000061035156250e+01 -1.901483654975891113e+00
-1.935000038146972656e+01 -1.898137092590332031e+00
-1.934000015258789062e+01 -1.894809246063232422e+00
-1.932999992370605469e+01 -1.891500234603881836e+00
-1.931999969482421875e+01 -1.888209819793701172e+00
-1.930999946594238281e+01 -1.884938120841979980e+00
-1.929999923706054688e+01 -1.881685018539428711e+00
-1.929000091552734375e+01 -1.878450393676757812e+00
-1.928000068664550781e+01 -1.875234484672546387e+00
-1.927000045776367188e+01 -1.872036933898925781e+00
-1.926000022888183594e+01 -1.868857860565185547e+00
-1.925000000000000000e+01 -1.865697264671325684e+00
-1.923999977111816406e+01 -1.862554907798767090e+00
-1.922999954223632812e+01 -1.859430909156799316e+00
-1.921999931335449219e+01 -1.856325030326843262e+00
-1.920999908447265625e+01 -1.853237152099609375e+00
-1.920000076293945312e+01 -1.850167393684387207e+00
-1.919000053405761719e+01 -1.847115516662597656e+00
-1.918000030517578125e+01 -1.844081282615661621e+00
-1.917000007629394531e+01 -1.841064810752868652e+00
-1.915999984741210938e+01 -1.838065743446350098e+00
-1.914999961853027344e+01 -1.835084199905395508e+00
-1.913999938964843750e+01 -1.832119822502136230e+00
-1.912999916076660156e+01 -1.829172730445861816e+00
-1.912000083923339844e+01 -1.826242804527282715e+00
-1.911000061035156250e+01 -1.823330044746398926e+00
-1.910000038146972656e+01 -1.820434570312500000e+00
-1.909000015258789062e+01 -1.817556381225585938e+00
-1.907999992370605469e+01 -1.814695596694946289e+00
-1.906999969482421875e+01 -1.811852335929870605e+00
-1.905999946594238281e+01 -1.809026956558227539e+00
-1.904999923706054688e+01 -1.806219339370727539e+00
-1.904000091552734375e+01 -1.803429961204528809e+00
-1.903000068664550781e+01 -1.800658822059631348e+00
-1.902000045776367188e+01 -1.797905921936035156e+00
-1.901000022888183594e+01 -1.795171380043029785e+00
-1.900000000000000000e+01 -1.792454838752746582e+00
-1.898999977111816406e+01 -1.789756417274475098e+00
-1.897999954223632812e+01 -1.787075281143188477e+00
-1.896999931335449219e+01 -1.784410953521728516e+00
-1.895999908447265625e+01 -1.781762480735778809e+00
-1.895000076293945312e+01 -1.779129028320312500e+00
-1.894000053405761719e+01 -1.776509284973144531e+00
-1.893000030517578125e+01 -1.773901820182800293e+00
-1.892000007629394531e+01 -1.771304965019226074e+00
-1.890999984741210938e+01 -1.768717169761657715e+00
-1.889999961853027344e+01 -1.766136646270751953e+00
-1.888999938964843750e+01 -1.763561487197875977e+00
-1.887999916076660156e+01 -1.760990142822265625e+00
-1.887000083923339844e+01 -1.758420825004577637e+00
-1.886000061035156250e+01 -1.755851984024047852e+00
-1.885000038146972656e+01 -1.753282427787780762e+00
-1.884000015258789062e+01 -1.750711083412170410e+00
-1.882999992370605469e+01 -1.748137235641479492e+00
-1.881999969482421875e+01 -1.745560526847839355e+00
-1.880999946594238281e+01 -1.742980957031250000e+00
-1.879999923706054688e+01 -1.740399003028869629e+00
-1.879000091552734375e+01 -1.737815260887145996e+00
-1.878000068664550781e+01 -1.735230922698974609e+00
-1.877000045776367188e+01 -1.732647657394409180e+00
-1.876000022888183594e+01 -1.730066895484924316e+00
-1.875000000000000000e+01 -1.727490782737731934e+00
-1.873999977111816406e+01 -1.724921464920043945e+00
-1.872999954223632812e+01 -1.722361087799072266e+00
-1.871999931335449219e+01 -1.719811916351318359e+00
-1.870999908447265625e+01 -1.717276096343994141e+00
-1.870000076293945312e+01 -1.714755654335021973e+00
-1.869000053405761719e+01 -1.712252378463745117e+00
-1.868000030517578125e+01 -1.709767699241638184e+00
-1.867000007629394531e+01 -1.707302689552307129e+00
-1.865999984741210938e+01 -1.704858064651489258e+00
-1.864999961853027344e+01 -1.702434182167053223e+00
-1.863999938964843750e+01 -1.700030803680419922e+00
-1.862999916076660156e+01 -1.697647333145141602e+00
-1.862000083923339844e+01 -1.695282697677612305e+00
-1.861000061035156250e+01 -1.692935347557067871e+00
-1.860000038146972656e+01 -1.690603375434875488e+00
-1.859000015258789062e+01 -1.688284635543823242e+00
-1.857999992370605469e+01 -1.685976982116699219e+00
-1.856999969482421875e+01 -1.683677673339843750e+00
-1.855999946594238281e+01 -1.681384205818176270e+00
-1.854999923706054688e+01 -1.679094076156616211e+00
-1.854000091552734375e+01 -1.676805019378662109e+00
-1.853000068664550781e+01 -1.674514889717102051e+00
-1.852000045776367188e+01 -1.672221899032592773e+00
-1.851000022888183594e+01 -1.669924616813659668e+00
-1.850000000000000000e+01 -1.667621970176696777e+00
-1.848999977111816406e+01 -1.665313482284545898e+00
-1.847999954223632812e+01 -1.662998795509338379e+00
-1.846999931335449219e+01 -1.660678267478942871e+00
-1.845999908447265625e+01 -1.658352613449096680e+00
-1.845000076293945312e+01 -1.656022787094116211e+00
-1.844000053405761719e+01 -1.653689742088317871e+00
-1.843000030517578125e+01 -1.651355147361755371e+00
-1.842000007629394531e+01 -1.649020314216613770e+00
-1.840999984741210938e+01 -1.646686553955078125e+00
-1.839999961853027344e+01 -1.644355177879333496e+00
-1.838999938964843750e+01 -1.642027378082275391e+00
-1.837999916076660156e+01 -1.639703869819641113e+00
-1.837000083923339844e+01 -1.637385487556457520e+00
-1.836000061035156250e+01 -1.635072112083435059e+00
-1.835000038146972656e+01 -1.632764101028442383e+00
-1.834000015258789062e+01 -1.630460858345031738e+00
-1.832999992370605469e+01 -1.628161907196044922e+00
-1.831999969482421875e+01 -1.625866532325744629e+00
-1.830999946594238281e+01 -1.623574018478393555e+00
-1.829999923706054688e+01 -1.621283292770385742e+00
-1.829000091552734375e+01 -1.618993639945983887e+00
-1.828000068664550781e+01 -1.616704583168029785e+00
-1.827000045776367188e+01 -1.614415407180786133e+00
-1.826000022888183594e+01 -1.612126111984252930e+00
-1.825000000000000000e+01 -1.609836935997009277e+00
-1.823999977111816406e+01 -1.607548236846923828e+00
-1.822999954223632812e+01 -1.605260848999023438e+00
-1.821999931335449219e+01 -1.602975845336914062e+00
-1.820999908447265625e+01 -1.600694656372070312e+00
-1.820000076293945312e+01 -1.598418831825256348e+00
-1.819000053405761719e+01 -1.596149921417236328e+00
-1.818000030517578125e+01 -1.593889713287353516e+00
-1.817000007629394531e+01 -1.591639876365661621e+00
-1.815999984741210938e+01 -1.589401721954345703e+00
-1.814999961853027344e+01 -1.587176561355590820e+00
-1.813999938964843750e+01 -1.584965467453002930e+00
-1.812999916076660156e+01 -1.582768797874450684e+00
-1.812000083923339844e+01 -1.580587029457092285e+00
-1.811000061035156250e+01 -1.578419923782348633e+00
-1.810000038146972656e+01 -1.576267004013061523e+00
-1.809000015258789062e+01 -1.574127316474914551e+00
-1.807999992370605469e+01 -1.572000026702880859e+00
-1.806999969482421875e+01 -1.569883584976196289e+00
-1.805999946594238281e+01 -1.567776560783386230e+00
-1.804999923706054688e+01 -1.565677404403686523e+00
-1.804000091552734375e+01 -1.563584566116333008e+00
-1.803000068664550781e+01 -1.561496496200561523e+00
-1.802000045776367188e+01 -1.559411764144897461e+00
-1.801000022888183594e+01 -1.557329297065734863e+00
-1.800000000000000000e+01 -1.555248141288757324e+00
-1.798999977111816406e+01 -1.553167462348937988e+00
-1.797999954223632812e+01 -1.551086783409118652e+00
-1.796999931335449219e+01 -1.549005985260009766e+00
-1.795999908447265625e+01 -1.546925067901611328e+00
-1.795000076293945312e+01 -1.544844150543212891e+00
-1.794000053405761719e+01 -1.542763710021972656e+00
-1.793000030517578125e+01 -1.540684223175048828e+00
-1.792000007629394531e+01 -1.538606286048889160e+00
-1.790999984741210938e+01 -1.536530733108520508e+00
-1.789999961853027344e+01 -1.534458041191101074e+00
-1.788999938964843750e+01 -1.532388925552368164e+00
-1.787999916076660156e+01 -1.530324101448059082e+00
-1.787000083923339844e+01 -1.528264045715332031e+00
-1.786000061035156250e+01 -1.526209235191345215e+00
-1.785000038146972656e+01 -1.524160146713256836e+00
-1.784000015258789062e+01 -1.522117018699645996e+00
-1.782999992370605469e+01 -1.520080208778381348e+00
-1.781999969482421875e+01 -1.518049836158752441e+00
-1.780999946594238281e+01 -1.516025900840759277e+00
-1.779999923706054688e+01 -1.514008402824401855e+00
-1.779000091552734375e+01 -1.511997580528259277e+00
-1.778000068664550781e+01 -1.509993195533752441e+00
-1.777000045776367188e+01 -1.507995128631591797e+00
-1.776000022888183594e+01 -1.506003260612487793e+00
-1.775000000000000000e+01 -1.504017591476440430e+00
-1.773999977111816406e+01 -1.502037763595581055e+00
-1.772999954223632812e+01 -1.500063657760620117e+00
-1.771999931335449219e+01 -1.498095035552978516e+00
-1.770999908447265625e+01 -1.496131539344787598e+00
-1.770000076293945312e+01 -1.494172930717468262e+00
-1.769000053405761719e+01 -1.492218852043151855e+00
-1.768000030517578125e+01 -1.490269064903259277e+00
-1.767000007629394531e+01 -1.488323092460632324e+00
-1.765999984741210938e+01 -1.486380696296691895e+00
-1.764999961853027344e+01 -1.484441399574279785e+00
-1.763999938964843750e+01 -1.482504844665527344e+00
-1.762999916076660156e+01 -1.480570673942565918e+00
-1.762000083923339844e+01 -1.478638768196105957e+00
-1.761000061035156250e+01 -1.476708650588989258e+00
-1.760000038146972656e+01 -1.474780321121215820e+00
-1.759000015258789062e+01 -1.472853422164916992e+00
-1.757999992370605469e+01 -1.470927953720092773e+00
-1.756999969482421875e+01 -1.469003915786743164e+00
-1.755999946594238281e+01 -1.467081427574157715e+00
-1.754999923706054688e+01 -1.465160489082336426e+00
-1.754000091552734375e+01 -1.463241457939147949e+00
-1.753000068664550781e+01 -1.461324334144592285e+00
-1.752000045776367188e+01 -1.459409594535827637e+00
-1.751000022888183594e+01 -1.457497477531433105e+00
-1.750000000000000000e+01 -1.455588340759277344e+00
-1.748999977111816406e+01 -1.453682422637939453e+00
-1.747999954223632812e+01 -1.451780080795288086e+00
-1.746999931335449219e+01 -1.449881553649902344e+00
-1.745999908447265625e+01 -1.447987198829650879e+00
-1.745000076293945312e+01 -1.446097135543823242e+00
-1.744000053405761719e+01 -1.444211602210998535e+00
-1.743000030517578125e+01 -1.442330598831176758e+00
-1.742000007629394531e+01 -1.440454244613647461e+00
-1.740999984741210938e+01 -1.438582658767700195e+00
-1.739999961853027344e+01 -1.436715722084045410e+00
-1.738999938964843750e+01 -1.434853315353393555e+00
-1.737999916076660156e+01 -1.432995319366455078e+00
-1.737000083923339844e+01 -1.431141734123229980e+00
-1.736000061035156250e+01 -1.429292321205139160e+00
-1.735000038146972656e+01 -1.427446961402893066e+00
-1.734000015258789062e+01 -1.425605416297912598e+00
-1.732999992370605469e+01 -1.423767566680908203e+00
-1.731999969482421875e+01 -1.421933293342590332e+00
-1.730999946594238281e+01 -1.420102477073669434e+00
-1.729999923706054688e+01 -1.418274998664855957e+00
-1.729000091552734375e+01 -1.416450858116149902e+00
-1.728000068664550781e+01 -1.414629936218261719e+00
-1.727000045776367188e+01 -1.412812232971191406e+00
-1.726000022888183594e+01 -1.410997748374938965e+00
-1.725000000000000000e+01 -1.409186482429504395e+00
-1.723999977111816406e+01 -1.407378315925598145e+00
-1.722999954223632812e+01 -1.405573487281799316e+00
-1.721999931335449219e+01 -1.403771996498107910e+00
-1.720999908447265625e+01 -1.401973843574523926e+00
-1.720000076293945312e+01 -1.400179028511047363e+00
-1.719000053405761719e+01 -1.398387551307678223e+00
-1.718000030517578125e+01 -1.396599531173706055e+00
-1.717000007629394531e+01 -1.394814968109130859e+00
-1.715999984741210938e+01 -1.393033862113952637e+00
-1.714999961853027344e+01 -1.391256213188171387e+00
-1.713999938964843750e+01 -1.389482021331787109e+00
-1.712999916076660156e+01 -1.387711286544799805e+00
-1.712000083923339844e+01 -1.385943889617919922e+00
-1.711000061035156250e+01 -1.384179830551147461e+00
-1.710000038146972656e+01 -1.382418990135192871e+00
-1.709000015258789062e+01 -1.380661487579345703e+00
-1.707999992370605469e+01 -1.378907084465026855e+00
-1.706999969482421875e+01 -1.377155900001525879e+00
-1.705999946594238281e+01 -1.375407695770263672e+00
-1.704999923706054688e+01 -1.373662590980529785e+00
-1.704000091552734375e+01 -1.371920347213745117e+00
-1.703000068664550781e+01 -1.370181202888488770e+00
-1.702000045776367188e+01 -1.368444800376892090e+00
-1.701000022888183594e+01 -1.366711258888244629e+00
-1.700000000000000000e+01 -1.364980459213256836e+00
-1.698999977111816406e+01 -1.363252520561218262e+00
-1.697999954223632812e+01 -1.361527323722839355e+00
-1.696999931335449219e+01 -1.359804749488830566e+00
-1.695999908447265625e+01 -1.358085036277770996e+00
-1.695000076293945312e+01 -1.356367945671081543e+00
-1.694000053405761719e+01 -1.354653596878051758e+00
-1.693000030517578125e+01 -1.352941870689392090e+00
-1.692000007629394531e+01 -1.351232886314392090e+00
-1.690999984741210938e+01 -1.349526643753051758e+00
-1.689999961853027344e+01 -1.347823023796081543e+00
-1.688999938964843750e+01 -1.346122026443481445e+00
-1.687999916076660156e+01 -1.344423770904541016e+00
-1.687000083923339844e+01 -1.342728137969970703e+00
-1.686000061035156250e+01 -1.341035127639770508e+00
-1.685000038146972656e+01 -1.339344739913940430e+00
-1.684000015258789062e+01 -1.337656855583190918e+00
-1.682999992370605469e+01 -1.335971713066101074e+00
-1.681999969482421875e+01 -1.334289073944091797e+00
-1.680999946594238281e+01 -1.332609057426452637e+00
-1.679999923706054688e+01 -1.330931544303894043e+00
-1.679000091552734375e+01 -1.329256534576416016e+00
-1.678000068664550781e+01 -1.327584028244018555e+00
-1.677000045776367188e+01 -1.325913906097412109e+00
-1.676000022888183594e+01 -1.324246406555175781e+00
-1.675000000000000000e+01 -1.322581171989440918e+00
-1.673999977111816406e+01 -1.320918440818786621e+00
-1.672999954223632812e+01 -1.319257974624633789e+00
-1.671999931335449219e+01 -1.317600011825561523e+00
-1.670999908447265625e+01 -1.315944314002990723e+00
-1.670000076293945312e+01 -1.314291000366210938e+00
-1.669000053405761719e+01 -1.312640070915222168e+00
-1.668000030517578125e+01 -1.310991287231445312e+00
-1.667000007629394531e+01 -1.309344887733459473e+00
-1.665999984741210938e+01 -1.307700872421264648e+00
-1.664999961853027344e+01 -1.306059002876281738e+00
-1.663999938964843750e+01 -1.304419517517089844e+00
-1.662999916076660156e+01 -1.302782297134399414e+00
-1.662000083923339844e+01 -1.301147222518920898e+00
-1.661000061035156250e+01 -1.299514532089233398e+00
-1.660000038146972656e+01 -1.297883987426757812e+00
-1.659000015258789062e+01 -1.296255826950073242e+00
-1.657999992370605469e+01 -1.294629693031311035e+00
-1.656999969482421875e+01 -1.293005943298339844e+00
-1.655999946594238281e+01 -1.291384339332580566e+00
-1.654999923706054688e+01 -1.289764881134033203e+00
-1.654000091552734375e+01 -1.288147568702697754e+00
-1.653000068664550781e+01 -1.286532521247863770e+00
-1.652000045776367188e+01 -1.284919619560241699e+00
-1.651000022888183594e+01 -1.283308863639831543e+00
-1.650000000000000000e+01 -1.281700134277343750e+00
-1.648999977111816406e+01 -1.280093669891357422e+00
-1.647999954223632812e+01 -1.278489232063293457e+00
-1.646999931335449219e+01 -1.276886820793151855e+00
-1.645999908447265625e+01 -1.275286555290222168e+00
-1.645000076293945312e+01 -1.273688316345214844e+00
-1.644000053405761719e+01 -1.272092223167419434e+00
-1.643000030517578125e+01 -1.270498037338256836e+00
-1.642000007629394531e+01 -1.268905997276306152e+00
-1.640999984741210938e+01 -1.267315864562988281e+00
-1.639999961853027344e+01 -1.265727758407592773e+00
-1.638999938964843750e+01 -1.264141559600830078e+00
-1.637999916076660156e+01 -1.262557506561279297e+00
-1.637000083923339844e+01 -1.260975241661071777e+00
-1.636000061035156250e+01 -1.259395003318786621e+00
-1.635000038146972656e+01 -1.257816672325134277e+00
-1.634000015258789062e+01 -1.256240248680114746e+00
-1.632999992370605469e+01 -1.254665851593017578e+00
-1.631999969482421875e+01 -1.253093242645263672e+00
-1.630999946594238281e+01 -1.251522541046142578e+00
-1.629999923706054688e+01 -1.249953985214233398e+00
-1.629000091552734375e+01 -1.248387336730957031e+00
-1.628000068664550781e+01 -1.246822595596313477e+00
-1.627000045776367188e+01 -1.245259761810302734e+00
-1.626000022888183594e+01 -1.243698716163635254e+00
-1.625000000000000000e+01 -1.242139577865600586e+00
-1.623999977111816406e+01 -1.240582346916198730e+00
-1.622999954223632812e+01 -1.239026784896850586e+00
-1.621999931335449219e+01 -1.237473130226135254e+00
-1.620999908447265625e+01 -1.235921382904052734e+00
-1.620000076293945312e+01 -1.234371304512023926e+00
-1.619000053405761719e+01 -1.232823133468627930e+00
-1.618000030517578125e+01 -1.231276631355285645e+00
-1.617000007629394531e+01 -1.229732036590576172e+00
-1.615999984741210938e+01 -1.228189229965209961e+00
-1.614999961853027344e+01 -1.226648092269897461e+00
-1.613999938964843750e+01 -1.225108742713928223e+00
-1.612999916076660156e+01 -1.223571181297302246e+00
-1.612000083923339844e+01 -1.222035408020019531e+00
-1.611000061035156250e+01 -1.220501303672790527e+00
-1.610000038146972656e+01 -1.218968987464904785e+00
-1.609000015258789062e+01 -1.217438340187072754e+00
-1.607999992370605469e+01 -1.215909361839294434e+00
-1.606999969482421875e+01 -1.214382171630859375e+00
-1.605999946594238281e+01 -1.212856650352478027e+00
-1.604999923706054688e+01 -1.211332917213439941e+00
-1.604000091552734375e+01 -1.209810733795166016e+00
-1.603000068664550781e+01 -1.208290338516235352e+00
-1.602000045776367188e+01 -1.206771492958068848e+00
-1.601000022888183594e+01 -1.205254435539245605e+00
-1.600000000000000000e+01 -1.203738927841186523e+00
-1.598999977111816406e+01 -1.202225208282470703e+00
-1.597999954223632812e+01 -1.200713038444519043e+00
-1.597000026702880859e+01 -1.199202418327331543e+00
-1.596000003814697266e+01 -1.197693586349487305e+00
-1.594999980926513672e+01 -1.196186304092407227e+00
-1.593999958038330078e+01 -1.194680571556091309e+00
-1.593000030517578125e+01 -1.193176507949829102e+00
-1.592000007629394531e+01 -1.191673994064331055e+00
-1.590999984741210938e+01 -1.190173149108886719e+00
-1.589999961853027344e+01 -1.188673853874206543e+00
-1.589000034332275391e+01 -1.187176108360290527e+00
-1.588000011444091797e+01 -1.185679912567138672e+00
-1.586999988555908203e+01 -1.184185385704040527e+00
-1.585999965667724609e+01 -1.182692289352416992e+00
-1.585000038146972656e+01 -1.181200861930847168e+00
-1.584000015258789062e+01 -1.179710865020751953e+00
-1.582999992370605469e+01 -1.178222537040710449e+00
-1.581999969482421875e+01 -1.176735639572143555e+00
-1.581000041961669922e+01 -1.175250291824340820e+00
-1.580000019073486328e+01 -1.173766374588012695e+00
-1.578999996185302734e+01 -1.172284007072448730e+00
-1.577999973297119141e+01 -1.170803189277648926e+00
-1.577000045776367188e+01 -1.169323921203613281e+00
-1.576000022888183594e+01 -1.167846083641052246e+00
-1.575000000000000000e+01 -1.166369676589965820e+00
-1.573999977111816406e+01 -1.164894819259643555e+00
-1.572999954223632812e+01 -1.163421392440795898e+00
-1.572000026702880859e+01 -1.161949396133422852e+00
-1.571000003814697266e+01 -1.160478830337524414e+00
-1.569999980926513672e+01 -1.159009814262390137e+00
-1.568999958038330078e+01 -1.157542228698730469e+00
-1.568000030517578125e+01 -1.156075954437255859e+00
-1.567000007629394531e+01 -1.154611229896545410e+00
-1.565999984741210938e+01 -1.153147935867309570e+00
-1.564999961853027344e+01 -1.151686072349548340e+00
-1.564000034332275391e+01 -1.150225520133972168e+00
-1.563000011444091797e+01 -1.148766517639160156e+00
-1.561999988555908203e+01 -1.147308826446533203e+00
-1.560999965667724609e+01 -1.145852565765380859e+00
-1.560000038146972656e+01 -1.144397616386413574e+00
-1.559000015258789062e+01 -1.142944097518920898e+00
-1.557999992370605469e+01 -1.141492009162902832e+00
-1.556999969482421875e+01 -1.140041232109069824e+00
-1.556000041961669922e+01 -1.138591766357421875e+00
-1.555000019073486328e+01 -1.137143731117248535e+00
-1.553999996185302734e+01 -1.135697126388549805e+00
-1.552999973297119141e+01 -1.134251713752746582e+00
-1.552000045776367188e+01 -1.132807731628417969e+00
-1.551000022888183594e+01 -1.131365060806274414e+00
-1.550000000000000000e+01 -1.129923701286315918e+00
-1.548999977111816406e+01 -1.128483772277832031e+00
-1.547999954223632812e+01 -1.127045035362243652e+00
-1.547000026702880859e+01 -1.125607728958129883e+00
-1.546000003814697266e+01 -1.124171614646911621e+00
-1.544999980926513672e+01 -1.122736930847167969e+00
-1.543999958038330078e+01 -1.121303439140319824e+00
-1.543000030517578125e+01 -1.119871258735656738e+00
-1.542000007629394531e+01 -1.118440389633178711e+00
-1.540999984741210938e+01 -1.117010712623596191e+00
-1.539999961853027344e+01 -1.115582466125488281e+00
-1.539000034332275391e+01 -1.114155411720275879e+00
-1.538000011444091797e+01 -1.112729549407958984e+00
-1.536999988555908203e+01 -1.111305117607116699e+00
-1.535999965667724609e+01 -1.109881758689880371e+00
-1.535000038146972656e+01 -1.108459830284118652e+00
-1.534000015258789062e+01 -1.107038974761962891e+00
-1.532999992370605469e+01 -1.105619430541992188e+00
-1.531999969482421875e+01 -1.104201197624206543e+00
-1.531000041961669922e+01 -1.102784037590026855e+00
-1.530000019073486328e+01 -1.101368188858032227e+00
-1.528999996185302734e+01 -1.099953651428222656e+00
-1.527999973297119141e+01 -1.098540186882019043e+00
-1.527000045776367188e+01 -1.097127914428710938e+00
-1.526000022888183594e+01 -1.095716953277587891e+00
-1.525000000000000000e+01 -1.094307184219360352e+00
-1.523999977111816406e+01 -1.092898607254028320e+00
-1.522999954223632812e+01 -1.091491103172302246e+00
-1.522000026702880859e+01 -1.090084910392761230e+00
-1.521000003814697266e+01 -1.088679790496826172e+00
-1.519999980926513672e+01 -1.087275981903076172e+00
-1.518999958038330078e+01 -1.085873246192932129e+00
-1.518000030517578125e+01 -1.084471702575683594e+00
-1.517000007629394531e+01 -1.083071351051330566e+00
-1.515999984741210938e+01 -1.081672072410583496e+00
-1.514999961853027344e+01 -1.080273985862731934e+00
-1.514000034332275391e+01 -1.078877091407775879e+00
-1.513000011444091797e+01 -1.077481269836425781e+00
-1.511999988555908203e+01 -1.076086640357971191e+00
-1.510999965667724609e+01 -1.074693083763122559e+00
-1.510000038146972656e+01 -1.073300719261169434e+00
-1.509000015258789062e+01 -1.071909427642822266e+00
-1.507999992370605469e+01 -1.070519328117370605e+00
-1.506999969482421875e+01 -1.069130301475524902e+00
-1.506000041961669922e+01 -1.067742347717285156e+00
-1.505000019073486328e+01 -1.066355586051940918e+00
-1.503999996185302734e+01 -1.064969897270202637e+00
-1.502999973297119141e+01 -1.063585281372070312e+00
-1.502000045776367188e+01 -1.062201738357543945e+00
-1.501000022888183594e+01 -1.060819268226623535e+00
-1.500000000000000000e+01 -1.059437990188598633e+00
-1.498999977111816406e+01 -1.058057665824890137e+00
-1.497999954223632812e+01 -1.056678533554077148e+00
-1.497000026702880859e+01 -1.055300354957580566e+00
-1.496000003814697266e+01 -1.053923368453979492e+00
-1.494999980926513672e+01 -1.052547335624694824e+00
-1.493999958038330078e+01 -1.051172375679016113e+00
-1.493000030517578125e+01 -1.049798488616943359e+00
-1.492000007629394531e+01 -1.048425674438476562e+00
-1.490999984741210938e+01 -1.047053933143615723e+00
-1.489999961853027344e+01 -1.045683145523071289e+00
-1.489000034332275391e+01 -1.044313549995422363e+00
-1.488000011444091797e+01 -1.042944788932800293e+00
-1.486999988555908203e+01 -1.041577219963073730e+00
-1.485999965667724609e+01 -1.040210604667663574e+00
-1.485000038146972656e+01 -1.038845062255859375e+00
-1.484000015258789062e+01 -1.037480473518371582e+00
-1.482999992370605469e+01 -1.036116957664489746e+00
-1.481999969482421875e+01 -1.034754395484924316e+00
-1.481000041961669922e+01 -1.033392786979675293e+00
-1.480000019073486328e+01 -1.032032251358032227e+00
-1.478999996185302734e+01 -1.030672788619995117e+00
-1.477999973297119141e+01 -1.029314279556274414e+00
-1.477000045776367188e+01 -1.027956724166870117e+00
-1.476000022888183594e+01 -1.026600122451782227e+00
-1.475000000000000000e+01 -1.025244593620300293e+00
-1.473999977111816406e+01 -1.023890018463134766e+00
-1.472999954223632812e+01 -1.022536396980285645e+00
-1.472000026702880859e+01 -1.021183729171752930e+00
-1.471000003814697266e+01 -1.019832015037536621e+00
-1.469999980926513672e+01 -1.018481254577636719e+00
-1.468999958038330078e+01 -1.017131567001342773e+00
-1.468000030517578125e+01 -1.015782713890075684e+00
-1.467000007629394531e+01 -1.014434933662414551e+00
-1.465999984741210938e+01 -1.013087987899780273e+00
-1.464999961853027344e+01 -1.011742115020751953e+00
-1.464000034332275391e+01 -1.010397076606750488e+00
-1.463000011444091797e+01 -1.009052991867065430e+00
-1.461999988555908203e+01 -1.007709860801696777e+00
-1.460999965667724609e+01 -1.006367683410644531e+00
-1.460000038146972656e+01 -1.005026459693908691e+00
-1.459000015258789062e+01 -1.003686070442199707e+00
-1.457999992370605469e+01 -1.002346634864807129e+00
-1.456999969482421875e+01 -1.001008152961730957e+00
-1.456000041961669922e+01 -9.996706247329711914e-01
-1.455000019073486328e+01 -9.983339309692382812e-01
-1.453999996185302734e+01 -9.969981908798217773e-01
-1.452999973297119141e+01 -9.956632852554321289e-01
-1.452000045776367188e+01 -9.943293333053588867e-01
-1.451000022888183594e+01 -9.929962754249572754e-01
-1.450000000000000000e+01 -9.916641116142272949e-01
-1.448999977111816406e+01 -9.903328418731689453e-01
-1.447999954223632812e+01 -9.890024662017822266e-01
-1.447000026702880859e+01 -9.876729846000671387e-01
-1.446000003814697266e+01 -9.863443374633789062e-01
-1.444999980926513672e+01 -9.850165843963623047e-01
-1.443999958038330078e+01 -9.836897253990173340e-01
-1.443000030517578125e+01 -9.823637604713439941e-01
-1.442000007629394531e+01 -9.810386300086975098e-01
-1.440999984741210938e+01 -9.797143340110778809e-01
-1.439999961853027344e+01 -9.783909320831298828e-01
-1.439000034332275391e+01 -9.770684242248535156e-01
-1.438000011444091797e+01 -9.757466912269592285e-01
-1.436999988555908203e+01 -9.744259119033813477e-01
-1.435999965667724609e+01 -9.731059074401855469e-01
-1.435000038146972656e+01 -9.717867374420166016e-01
-1.434000015258789062e+01 -9.704684615135192871e-01
-1.432999992370605469e+01 -9.691510200500488281e-01
-1.431999969482421875e+01 -9.678344130516052246e-01
-1.431000041961669922e+01 -9.665185809135437012e-01
-1.430000019073486328e+01 -9.652036428451538086e-01
-1.428999996185302734e+01 -9.638895392417907715e-01
-1.427999973297119141e+01 -9.625762104988098145e-01
-1.427000045776367188e+01 -9.612637162208557129e-01
-1.426000022888183594e+01 -9.599520564079284668e-01
-1.425000000000000000e+01 -9.586412310600280762e-01
-1.423999977111816406e+01 -9.573311805725097656e-01
-1.422999954223632812e+01 -9.560219645500183105e-01
-1.422000026702880859e+01 -9.547135829925537109e-01
-1.421000003814697266e+01 -9.534059762954711914e-01
-1.419999980926513672e+01 -9.520991444587707520e-01
-1.418999958038330078e+01 -9.507931470870971680e-01
-1.418000030517578125e+01 -9.494879245758056641e-01
-1.417000007629394531e+01 -9.481834769248962402e-01
-1.415999984741210938e+01 -9.468798637390136719e-01
-1.414999961853027344e+01 -9.455770254135131836e-01
-1.414000034332275391e+01 -9.442749619483947754e-01
-1.413000011444091797e+01 -9.429736733436584473e-01
-1.411999988555908203e+01 -9.416731595993041992e-01
-1.410999965667724609e+01 -9.403734207153320312e-01
-1.410000038146972656e+01 -9.390744566917419434e-01
-1.409000015258789062e+01 -9.377762675285339355e-01
-1.407999992370605469e+01 -9.364788532257080078e-01
-1.406999969482421875e+01 -9.351822137832641602e-01
-1.406000041961669922e+01 -9.338862895965576172e-01
-1.405000019073486328e+01 -9.325911402702331543e-01
-1.403999996185302734e+01 -9.312967658042907715e-01
-1.402999973297119141e+01 -9.300031661987304688e-01
-1.402000045776367188e+01 -9.287102818489074707e-01
-1.401000022888183594e+01 -9.274181723594665527e-01
-1.400000000000000000e+01 -9.261267781257629395e-01
-1.398999977111816406e+01 -9.248361587524414062e-01
-1.397999954223632812e+01 -9.235462546348571777e-01
-1.397000026702880859e+01 -9.222570657730102539e-01
-1.396000003814697266e+01 -9.209686517715454102e-01
-1.394999980926513672e+01 -9.196809530258178711e-01
-1.393999958038330078e+01 -9.183940291404724121e-01
-1.393000030517578125e+01 -9.171077609062194824e-01
-1.392000007629394531e+01 -9.158222675323486328e-01
-1.390999984741210938e+01 -9.145374894142150879e-01
-1.389999961853027344e+01 -9.132534265518188477e-01
-1.389000034332275391e+01 -9.119700789451599121e-01
-1.388000011444091797e+01 -9.106874465942382812e-01
-1.386999988555908203e+01 -9.094054698944091797e-01
-1.385999965667724609e+01 -9.081242680549621582e-01
-1.385000038146972656e+01 -9.068437814712524414e-01
-1.384000015258789062e+01 -9.055639505386352539e-01
-1.382999992370605469e+01 -9.042848944664001465e-01
-1.381999969482421875e+01 -9.030064940452575684e-01
-1.381000041961669922e+01 -9.017287492752075195e-01
-1.380000019073486328e+01 -9.004517793655395508e-01
-1.378999996185302734e+01 -8.991754651069641113e-01
-1.377999973297119141e+01 -8.978998064994812012e-01
-1.377000045776367188e+01 -8.966248631477355957e-01
-1.376000022888183594e+01 -8.953506350517272949e-01
-1.375000000000000000e+01 -8.940770626068115234e-01
-1.373999977111816406e+01 -8.928041458129882812e-01
-1.372999954223632812e+01 -8.915319442749023438e-01
-1.372000026702880859e+01 -8.902603983879089355e-01
-1.371000003814697266e+01 -8.889895677566528320e-01
-1.369999980926513672e+01 -8.877193927764892578e-01
-1.368999958038330078e+01 -8.864498734474182129e-01
-1.368000030517578125e+01 -8.851810097694396973e-01
-1.367000007629394531e+01 -8.839128017425537109e-01
-1.365999984741210938e+01 -8.826453089714050293e-01
-1.364999961853027344e+01 -8.813784122467041016e-01
-1.364000034332275391e+01 -8.801122307777404785e-01
-1.363000011444091797e+01 -8.788466453552246094e-01
-1.361999988555908203e+01 -8.775817751884460449e-01
-1.360999965667724609e+01 -8.763175010681152344e-01
-1.360000038146972656e+01 -8.750538825988769531e-01
-1.359000015258789062e+01 -8.737909197807312012e-01
-1.357999992370605469e+01 -8.725286126136779785e-01
-1.356999969482421875e+01 -8.712669610977172852e-01
-1.356000041961669922e+01 -8.700059056282043457e-01
-1.355000019073486328e+01 -8.687455058097839355e-01
-1.353999996185302734e+01 -8.674857616424560547e-01
-1.352999973297119141e+01 -8.662266731262207031e-01
-1.352000045776367188e+01 -8.649681806564331055e-01
-1.351000022888183594e+01 -8.637102842330932617e-01
-1.350000000000000000e+01 -8.624530434608459473e-01
-1.348999977111816406e+01 -8.611964583396911621e-01
-1.347999954223632812e+01 -8.599404692649841309e-01
-1.347000026702880859e+01 -8.586850762367248535e-01
-1.346000003814697266e+01 -8.574303388595581055e-01
-1.344999980926513672e+01 -8.561761975288391113e-01
-1.343999958038330078e+01 -8.549226522445678711e-01
-1.343000030517578125e+01 -8.536697626113891602e-01
-1.342000007629394531e+01 -8.524174690246582031e-01
-1.340999984741210938e+01 -8.511657714843750000e-01
-1.339999961853027344e+01 -8.499146699905395508e-01
-1.339000034332275391e+01 -8.486642241477966309e-01
-1.338000011444091797e+01 -8.474143147468566895e-01
-1.336999988555908203e+01 -8.461650609970092773e-01
-1.335999965667724609e+01 -8.449164032936096191e-01
-1.335000038146972656e+01 -8.436682820320129395e-01
-1.334000015258789062e+01 -8.424208164215087891e-01
-1.332999992370605469e+01 -8.411738872528076172e-01
-1.331999969482421875e+01 -8.399276137351989746e-01
-1.331000041961669922e+01 -8.386818766593933105e-01
-1.330000019073486328e+01 -8.374367356300354004e-01
-1.328999996185302734e+01 -8.361921906471252441e-01
-1.327999973297119141e+01 -8.349482417106628418e-01
-1.327000045776367188e+01 -8.337048292160034180e-01
-1.326000022888183594e+01 -8.324620127677917480e-01
-1.325000000000000000e+01 -8.312197923660278320e-01
-1.323999977111816406e+01 -8.299781084060668945e-01
-1.322999954223632812e+01 -8.287370204925537109e-01
-1.322000026702880859e+01 -8.274965286254882812e-01
-1.321000003814697266e+01 -8.262565732002258301e-01
-1.319999980926513672e+01 -8.250172138214111328e-01
-1.318999958038330078e+01 -8.237783908843994141e-01
-1.318000030517578125e+01 -8.225401043891906738e-01
-1.317000007629394531e+01 -8.213024139404296875e-01
-1.315999984741210938e+01 -8.200653195381164551e-01
-1.314999961853027344e+01 -8.188287615776062012e-01
-1.314000034332275391e+01 -8.175927400588989258e-01
-1.313000011444091797e+01 -8.163572549819946289e-01
-1.311999988555908203e+01 -8.151223659515380859e-01
-1.310999965667724609e+01 -8.138879537582397461e-01
-1.310000038146972656e+01 -8.126541376113891602e-01
-1.309000015258789062e+01 -8.114209175109863281e-01
-1.307999992370605469e+01 -8.101881742477416992e-01
-1.306999969482421875e+01 -8.089559674263000488e-01
-1.306000041961669922e+01 -8.077243566513061523e-01
-1.305000019073486328e+01 -8.064932823181152344e-01
-1.303999996185302734e+01 -8.052626848220825195e-01
-1.302999973297119141e+01 -8.040326833724975586e-01
-1.302000045776367188e+01 -8.028031587600708008e-01
-1.301000022888183594e+01 -8.015742301940917969e-01
-1.300000000000000000e+01 -8.003457784652709961e-01
-1.298999977111816406e+01 -7.991179227828979492e-01
-1.297999954223632812e+01 -7.978905439376831055e-01
-1.297000026702880859e+01 -7.966637015342712402e-01
-1.296000003814697266e+01 -7.954373359680175781e-01
-1.294999980926513672e+01 -7.942115664482116699e-01
-1.293999958038330078e+01 -7.929862737655639648e-01
-1.293000030517578125e+01 -7.917615175247192383e-01
-1.292000007629394531e+01 -7.905372977256774902e-01
-1.290999984741210938e+01 -7.893135547637939453e-01
-1.289999961853027344e+01 -7.880903482437133789e-01
-1.289000034332275391e+01 -7.868676185607910156e-01
-1.288000011444091797e+01 -7.856454253196716309e-01
-1.286999988555908203e+01 -7.844237685203552246e-01
-1.285999965667724609e+01 -7.832025885581970215e-01
-1.285000038146972656e+01 -7.819819450378417969e-01
-1.284000015258789062e+01 -7.807617783546447754e-01
-1.282999992370605469e+01 -7.795420885086059570e-01
-1.281999969482421875e+01 -7.783229351043701172e-01
-1.281000041961669922e+01 -7.771042585372924805e-01
-1.280000019073486328e+01 -7.758861184120178223e-01
-1.278999996185302734e+01 -7.746684551239013672e-01
-1.277999973297119141e+01 -7.734512686729431152e-01
-1.277000045776367188e+01 -7.722345590591430664e-01
-1.276000022888183594e+01 -7.710183858871459961e-01
-1.275000000000000000e+01 -7.698026895523071289e-01
-1.273999977111816406e+01 -7.685874700546264648e-01
-1.272999954223632812e+01 -7.673727273941040039e-01
-1.272000026702880859e+01 -7.661585211753845215e-01
-1.271000003814697266e+01 -7.649447321891784668e-01
-1.269999980926513672e+01 -7.637314796447753906e-01
-1.268999958038330078e+01 -7.625187039375305176e-01
-1.268000030517578125e+01 -7.613063454627990723e-01
-1.267000007629394531e+01 -7.600945234298706055e-01
-1.265999984741210938e+01 -7.588831782341003418e-01
-1.264999961853027344e+01 -7.576722502708435059e-01
-1.264000034332275391e+01 -7.564618587493896484e-01
-1.263000011444091797e+01 -7.552518844604492188e-01
-1.261999988555908203e+01 -7.540424466133117676e-01
-1.260999965667724609e+01 -7.528334259986877441e-01
-1.260000038146972656e+01 -7.516248822212219238e-01
-1.259000015258789062e+01 -7.504168152809143066e-01
-1.257999992370605469e+01 -7.492091655731201172e-01
-1.256999969482421875e+01 -7.480020523071289062e-01
-1.256000041961669922e+01 -7.467953562736511230e-01
-1.255000019073486328e+01 -7.455891370773315430e-01
-1.253999996185302734e+01 -7.443833351135253906e-01
-1.252999973297119141e+01 -7.431780099868774414e-01
-1.252000045776367188e+01 -7.419731616973876953e-01
-1.251000022888183594e+01 -7.407687902450561523e-01
-1.250000000000000000e+01 -7.395648360252380371e-01
-1.248999977111816406e+01 -7.383612990379333496e-01
-1.247999954223632812e+01 -7.371582388877868652e-01
-1.247000026702880859e+01 -7.359556555747985840e-01
-1.246000003814697266e+01 -7.347534894943237305e-01
-1.244999980926513672e+01 -7.335518002510070801e-01
-1.243999958038330078e+01 -7.323505282402038574e-01
-1.243000030517578125e+01 -7.311496734619140625e-01
-1.242000007629394531e+01 -7.299492955207824707e-01
-1.240999984741210938e+01 -7.287493348121643066e-01
-1.239999961853027344e+01 -7.275498509407043457e-01
-1.239000034332275391e+01 -7.263507843017578125e-01
-1.238000011444091797e+01 -7.251521348953247070e-01
-1.236999988555908203e+01 -7.239539027214050293e-01
-1.235999965667724609e+01 -7.227561473846435547e-01
-1.235000038146972656e+01 -7.215588092803955078e-01
-1.234000015258789062e+01 -7.203618884086608887e-01
-1.232999992370605469e+01 -7.191654443740844727e-01
-1.231999969482421875e+01 -7.179693579673767090e-01
-1.231000041961669922e+01 -7.167737483978271484e-01
-1.230000019073486328e+01 -7.155785560607910156e-01
-1.228999996185302734e+01 -7.143837809562683105e-01
-1.227999973297119141e+01 -7.131894230842590332e-01
-1.227000045776367188e+01 -7.119954824447631836e-01
-1.226000022888183594e+01 -7.108019590377807617e-01
-1.225000000000000000e+01 -7.096088528633117676e-01
-1.223999977111816406e+01 -7.084162235260009766e-01
-1.222999954223632812e+01 -7.072239518165588379e-01
-1.222000026702880859e+01 -7.060320973396301270e-01
-1.221000003814697266e+01 -7.048406600952148438e-01
-1.219999980926513672e+01 -7.036496400833129883e-01
-1.218999958038330078e+01 -7.024590373039245605e-01
-1.218000030517578125e+01 -7.012687921524047852e-01
-1.217000007629394531e+01 -7.000790238380432129e-01
-1.215999984741210938e+01 -6.988896131515502930e-01
-1.214999961853027344e+01 -6.977006196975708008e-01
-1.214000034332275391e+01 -6.965120434761047363e-01
-1.213000011444091797e+01 -6.953238844871520996e-01
-1.211999988555908203e+01 -6.941360831260681152e-01
-1.210999965667724609e+01 -6.929487586021423340e-01
-1.210000038146972656e+01 -6.917617321014404297e-01
-1.209000015258789062e+01 -6.905751824378967285e-01
-1.207999992370605469e+01 -6.893889904022216797e-01
-1.206999969482421875e+01 -6.882032155990600586e-01
-1.206000041961669922e+01 -6.870177984237670898e-01
-1.205000019073486328e+01 -6.858328580856323242e-01
-1.203999996185302734e+01 -6.846482157707214355e-01
-1.202999973297119141e+01 -6.834639906883239746e-01
-1.202000045776367188e+01 -6.822801828384399414e-01
-1.201000022888183594e+01 -6.810967326164245605e-01
-1.200000000000000000e+01 -6.799136996269226074e-01
-1.198999977111816406e+01 -6.787310242652893066e-01
-1.197999954223632812e+01 -6.775487661361694336e-01
-1.197000026702880859e+01 -6.763668656349182129e-01
-1.196000003814697266e+01 -6.751853823661804199e-01
-1.194999980926513672e+01 -6.740042567253112793e-01
-1.193999958038330078e+01 -6.728234887123107910e-01
-1.193000030517578125e+01 -6.716431379318237305e-01
-1.192000007629394531e+01 -6.704631447792053223e-01
-1.190999984741210938e+01 -6.692835092544555664e-01
-1.189999961853027344e+01 -6.681042909622192383e-01
-1.189000034332275391e+01 -6.669254302978515625e-01
-1.188000011444091797e+01 -6.657469272613525391e-01
-1.186999988555908203e+01 -6.645687818527221680e-01
-1.185999965667724609e+01 -6.633910536766052246e-01
-1.185000038146972656e+01 -6.622136831283569336e-01
-1.184000015258789062e+01 -6.610366702079772949e-01
-1.182999992370605469e+01 -6.598600149154663086e-01
-1.181999969482421875e+01 -6.586837768554687500e-01
-1.181000041961669922e+01 -6.575078368186950684e-01
-1.180000019073486328e+01 -6.563323140144348145e-01
-1.178999996185302734e+01 -6.551571488380432129e-01
-1.177999973297119141e+01 -6.539823412895202637e-01
-1.177000045776367188e+01 -6.528078317642211914e-01
-1.176000022888183594e+01 -6.516337394714355469e-01
-1.175000000000000000e+01 -6.504600048065185547e-01
-1.173999977111816406e+01 -6.492866277694702148e-01
-1.172999954223632812e+01 -6.481136083602905273e-01
-1.172000026702880859e+01 -6.469409465789794922e-01
-1.171000003814697266e+01 -6.457686424255371094e-01
-1.169999980926513672e+01 -6.445966958999633789e-01
-1.168999958038330078e+01 -6.434251070022583008e-01
-1.168000030517578125e+01 -6.422538161277770996e-01
-1.167000007629394531e+01 -6.410829424858093262e-01
-1.165999984741210938e+01 -6.399123668670654297e-01
-1.164999961853027344e+01 -6.387421488761901855e-01
-1.164000034332275391e+01 -6.375722885131835938e-01
-1.163000011444091797e+01 -6.364027857780456543e-01
-1.161999988555908203e+01 -6.352336406707763672e-01
-1.160999965667724609e+01 -6.340647935867309570e-01
-1.160000038146972656e+01 -6.328963637351989746e-01
-1.159000015258789062e+01 -6.317281723022460938e-01
-1.157999992370605469e+01 -6.305603981018066406e-01
-1.156999969482421875e+01 -6.293929815292358398e-01
-1.156000041961669922e+01 -6.282258629798889160e-01
-1.155000019073486328e+01 -6.270590424537658691e-01
-1.153999996185302734e+01 -6.258926391601562500e-01
-1.152999973297119141e+01 -6.247265338897705078e-01
-1.152000045776367188e+01 -6.235607266426086426e-01
-1.151000022888183594e+01 -6.223953366279602051e-01
-1.150000000000000000e+01 -6.212301850318908691e-01
-1.148999977111816406e+01 -6.200654506683349609e-01
-1.147999954223632812e+01 -6.189010143280029297e-01
-1.147000026702880859e+01 -6.177368760108947754e-01
-1.146000003814697266e+01 -6.165730953216552734e-01
-1.144999980926513672e+01 -6.154096722602844238e-01
-1.143999958038330078e+01 -6.142465472221374512e-01
-1.143000030517578125e+01 -6.130837798118591309e-01
-1.142000007629394531e+01 -6.119213104248046875e-01
-1.140999984741210938e+01 -6.107591390609741211e-01
-1.139999961853027344e+01 -6.095973253250122070e-01
-1.139000034332275391e+01 -6.084358096122741699e-01
-1.138000011444091797e+01 -6.072746515274047852e-01
-1.136999988555908203e+01 -6.061137914657592773e-01
-1.135999965667724609e+01 -6.049532294273376465e-01
-1.135000038146972656e+01 -6.037930250167846680e-01
-1.134000015258789062e+01 -6.026331186294555664e-01
-1.132999992370605469e+01 -6.014735102653503418e-01
-1.131999969482421875e+01 -6.003142595291137695e-01
-1.131000041961669922e+01 -5.991553068161010742e-01
-1.130000019073486328e+01 -5.979966521263122559e-01
-1.128999996185302734e+01 -5.968383550643920898e-01
-1.127999973297119141e+01 -5.956803560256958008e-01
-1.127000045776367188e+01 -5.945226550102233887e-01
-1.126000022888183594e+01 -5.933652520179748535e-01
-1.125000000000000000e+01 -5.922081470489501953e-01
-1.123999977111816406e+01 -5.910513997077941895e-01
-1.122999954223632812e+01 -5.898949503898620605e-01
-1.122000026702880859e+01 -5.887387394905090332e-01
-1.121000003814697266e+01 -5.875828862190246582e-01
-1.119999980926513672e+01 -5.864273309707641602e-01
-1.118999958038330078e+01 -5.852721333503723145e-01
-1.118000030517578125e+01 -5.841171741485595703e-01
-1.117000007629394531e+01 -5.829625129699707031e-01
-1.115999984741210938e+01 -5.818082094192504883e-01
-1.114999961853027344e+01 -5.806541442871093750e-01
-1.114000034332275391e+01 -5.795004367828369141e-01
-1.113000011444091797e+01 -5.783469676971435547e-01
-1.111999988555908203e+01 -5.771938562393188477e-01
-1.110999965667724609e+01 -5.760409832000732422e-01
-1.110000038146972656e+01 -5.748884677886962891e-01
-1.109000015258789062e+01 -5.737361907958984375e-01
-1.107999992370605469e+01 -5.725842714309692383e-01
-1.106999969482421875e+01 -5.714325904846191406e-01
-1.106000041961669922e+01 -5.702812075614929199e-01
-1.105000019073486328e+01 -5.691301226615905762e-01
-1.103999996185302734e+01 -5.679793357849121094e-01
-1.102999973297119141e+01 -5.668288469314575195e-01
-1.102000045776367188e+01 -5.656786561012268066e-01
-1.101000022888183594e+01 -5.645287036895751953e-01
-1.100000000000000000e+01 -5.633791089057922363e-01
-1.098999977111816406e+01 -5.622297525405883789e-01
-1.097999954223632812e+01 -5.610806941986083984e-01
-1.097000026702880859e+01 -5.599319338798522949e-01
-1.096000003814697266e+01 -5.587834119796752930e-01
-1.094999980926513672e+01 -5.576352477073669434e-01
-1.093999958038330078e+01 -5.564873218536376953e-01
-1.093000030517578125e+01 -5.553396940231323242e-01
-1.092000007629394531e+01 -5.541923046112060547e-01
-1.090999984741210938e+01 -5.530452132225036621e-01
-1.089999961853027344e+01 -5.518984198570251465e-01
-1.089000034332275391e+01 -5.507519245147705078e-01
-1.088000011444091797e+01 -5.496056675910949707e-01
-1.086999988555908203e+01 -5.484597086906433105e-01
-1.085999965667724609e+01 -5.473140478134155273e-01
-1.085000038146972656e+01 -5.461686253547668457e-01
-1.084000015258789062e+01 -5.450234413146972656e-01
-1.082999992370605469e+01 -5.438786149024963379e-01
-1.081999969482421875e+01 -5.427340269088745117e-01
-1.081000041961669922e+01 -5.415896773338317871e-01
-1.080000019073486328e+01 -5.404456257820129395e-01
-1.078999996185302734e+01 -5.393018722534179688e-01
-1.077999973297119141e+01 -5.381583571434020996e-01
-1.077000045776367188e+01 -5.370151400566101074e-01
-1.076000022888183594e+01 -5.358721613883972168e-01
-1.075000000000000000e+01 -5.347294807434082031e-01
-1.073999977111816406e+01 -5.335870385169982910e-01
-1.072999954223632812e+01 -5.324448943138122559e-01
-1.072000026702880859e+01 -5.313029885292053223e-01
-1.071000003814697266e+01 -5.301613211631774902e-01
-1.069999980926513672e+01 -5.290199518203735352e-01
-1.068999958038330078e+01 -5.278788208961486816e-01
-1.068000030517578125e+01 -5.267379879951477051e-01
-1.067000007629394531e+01 -5.255973935127258301e-01
-1.065999984741210938e+01 -5.244570970535278320e-01
-1.064999961853027344e+01 -5.233170390129089355e-01
-1.064000034332275391e+01 -5.221772193908691406e-01
-1.063000011444091797e+01 -5.210376977920532227e-01
-1.061999988555908203e+01 -5.198984146118164062e-01
-1.060999965667724609e+01 -5.187593698501586914e-01
-1.060000038146972656e+01 -5.176205635070800781e-01
-1.059000015258789062e+01 -5.164820551872253418e-01
-1.057999992370605469e+01 -5.153437852859497070e-01
-1.056999969482421875e+01 -5.142058134078979492e-01
-1.056000041961669922e+01 -5.130680203437805176e-01
-1.055000019073486328e+01 -5.119305253028869629e-01
-1.053999996185302734e+01 -5.107932686805725098e-01
-1.052999973297119141e+01 -5.096563100814819336e-01
-1.052000045776367188e+01 -5.085195302963256836e-01
-1.051000022888183594e+01 -5.073830485343933105e-01
-1.050000000000000000e+01 -5.062468051910400391e-01
-1.048999977111816406e+01 -5.051108002662658691e-01
-1.047999954223632812e+01 -5.039750337600708008e-01
-1.047000026702880859e+01 -5.028395652770996094e-01
-1.046000003814697266e+01 -5.017042756080627441e-01
-1.044999980926513672e+01 -5.005692839622497559e-01
-1.043999958038330078e+01 -4.994345009326934814e-01
-1.043000030517578125e+01 -4.982999861240386963e-01
-1.042000007629394531e+01 -4.971657097339630127e-01
-1.040999984741210938e+01 -4.960316717624664307e-01
-1.039999961853027344e+01 -4.948978722095489502e-01
-1.039000034332275391e+01 -4.937643110752105713e-01
-1.038000011444091797e+01 -4.926310181617736816e-01
-1.036999988555908203e+01 -4.914979338645935059e-01
-1.035999965667724609e+01 -4.903651177883148193e-01
-1.035000038146972656e+01 -4.892325103282928467e-01
-1.034000015258789062e+01 -4.881001710891723633e-01
-1.032999992370605469e+01 -4.869680404663085938e-01
-1.031999969482421875e+01 -4.858361780643463135e-01
-1.031000041961669922e+01 -4.847045242786407471e-01
-1.030000019073486328e+01 -4.835731089115142822e-01
-1.028999996185302734e+01 -4.824419617652893066e-01
-1.027999973297119141e+01 -4.813110232353210449e-01
-1.027000045776367188e+01 -4.801803231239318848e-01
-1.026000022888183594e+01 -4.790498316287994385e-01
-1.025000000000000000e+01 -4.779196083545684814e-01
-1.023999977111816406e+01 -4.767895936965942383e-01
-1.022999954223632812e+01 -4.756598174571990967e-01
-1.022000026702880859e+01 -4.745302796363830566e-01
-1.021000003814697266e+01 -4.734009504318237305e-01
-1.019999980926513672e+01 -4.722718596458435059e-01
-1.018999958038330078e+01 -4.711430072784423828e-01
-1.018000030517578125e+01 -4.700143933296203613e-01
-1.017000007629394531e+01 -4.688859879970550537e-01
-1.015999984741210938e+01 -4.677578210830688477e-01
-1.014999961853027344e+01 -4.666298627853393555e-01
-1.014000034332275391e+01 -4.655021429061889648e-01
-1.013000011444091797e+01 -4.643746316432952881e-01
-1.011999988555908203e+01 -4.632473587989807129e-01
-1.010999965667724609e+01 -4.621202945709228516e-01
-1.010000038146972656e+01 -4.609934687614440918e-01
-1.009000015258789062e+01 -4.598668813705444336e-01
-1.007999992370605469e+01 -4.587404727935791016e-01
-1.006999969482421875e+01 -4.576143324375152588e-01
-1.006000041961669922e+01 -4.564883708953857422e-01
-1.005000019073486328e+01 -4.553626477718353271e-01
-1.003999996185302734e+01 -4.542371332645416260e-01
-1.002999973297119141e+01 -4.531118571758270264e-01
-1.002000045776367188e+01 -4.519867897033691406e-01
-1.001000022888183594e+01 -4.508619308471679688e-01
